0,75
0,83
0,99
1,115
1,12
1,138
1,147
1,25
1,6
1,74
10,107
10,11
10,23
10,26
10,49
100,152
100,169
100,175
100,180
100,26
100,42
101,113
101,129
101,133
101,173
101,197
101,55
101,66
102,101
102,152
102,25
102,39
102,78
103,165
103,34
103,34
103,56
103,7
104,155
104,159
104,189
104,31
104,40
104,5
104,50
104,51
104,79
105,137
106,190
106,21
106,23
106,38
106,50
106,84
107,124
107,131
107,169
107,200
107,27
107,67
107,89
108,155
108,45
108,8
109,148
109,19
109,74
109,83
11,100
11,23
11,55
11,89
110,144
110,147
110,160
110,20
110,81
111,0
111,110
111,141
111,170
111,40
112,10
112,139
112,163
112,176
112,18
112,45
112,89
112,91
112,99
113,112
113,182
113,193
113,32
113,34
113,73
113,75
113,97
114,144
114,162
114,173
114,190
115,145
115,199
115,3
115,50
116,154
116,159
116,79
117,121
117,174
117,193
117,200
117,28
117,28
118,114
118,149
118,158
118,169
118,17
118,180
118,43
118,79
119,148
119,184
119,70
12,11
12,137
12,168
12,21
12,30
12,57
120,88
120,9
121,117
121,131
121,150
121,157
121,164
121,17
121,175
121,25
121,71
122,24
122,54
123,143
123,189
123,8
124,166
124,175
124,39
124,41
124,75
125,109
125,115
125,141
125,50
126,160
126,169
126,171
126,180
126,186
126,52
126,55
127,113
127,117
127,152
127,164
127,167
127,187
128,102
128,159
128,196
129,110
129,121
129,125
129,179
129,195
129,195
129,31
129,32
129,63
13,106
13,107
13,145
13,145
13,193
13,24
13,62
13,84
130,111
130,134
130,158
130,54
130,68
130,70
130,73
131,108
131,124
131,138
131,62
131,9
132,1
132,122
132,142
132,17
132,194
132,4
132,46
133,45
133,47
133,49
133,51
133,88
134,152
134,195
134,64
135,101
135,106
135,16
135,166
135,28
135,4
135,65
135,66
136,126
136,134
136,155
136,69
136,78
136,96
137,102
137,14
137,165
137,62
137,84
138,166
138,26
138,28
138,41
138,55
139,151
139,186
139,190
139,61
139,63
139,63
139,76
140,0
140,175
140,187
140,59
140,72
141,148
141,154
141,50
141,92
142,133
142,145
142,147
142,15
142,168
142,169
142,182
142,188
142,197
142,43
142,52
142,78
143,104
143,144
143,169
143,35
144,175
144,181
144,19
144,198
144,34
144,85
145,131
145,146
145,33
145,37
145,54
145,55
145,88
146,133
146,143
146,181
146,21
146,62
146,9
147,129
147,196
147,70
147,87
148,118
148,69
149,151
149,191
149,65
149,96
15,107
15,13
15,13
15,136
15,138
15,165
150,140
150,181
150,200
150,67
150,95
151,119
151,14
152,0
152,101
152,108
152,146
152,180
152,187
152,54
153,186
153,19
153,2
154,178
154,63
154,87
154,88
154,93
155,109
155,145
156,167
156,51
156,64
156,83
157,159
157,163
157,2
157,73
158,15
158,150
158,41
159,139
159,57
16,106
16,15
16,170
16,63
16,70
160,144
160,144
160,163
160,164
160,41
160,51
160,51
160,77
160,89
160,90
161,116
161,176
161,179
161,187
161,8
162,174
162,49
163,123
163,152
163,195
163,4
163,63
164,10
164,139
164,197
164,47
164,54
165,178
165,58
165,68
166,117
166,162
166,34
166,45
166,76
167,115
167,116
167,45
168,103
168,11
168,125
168,172
168,81
169,140
169,154
169,20
169,38
17,105
17,140
170,10
170,143
170,160
170,170
170,22
170,32
170,35
170,45
170,64
170,65
171,125
171,135
171,173
171,186
171,62
172,178
172,181
172,186
172,93
173,157
173,161
173,182
173,29
173,9
174,115
174,118
174,134
174,143
174,21
174,42
175,140
175,165
175,184
175,53
175,84
175,84
176,10
176,124
176,153
176,155
176,24
176,37
176,40
176,85
176,97
177,133
177,189
177,19
177,94
178,131
178,162
179,148
179,148
179,158
179,17
179,184
179,185
179,5
179,73
18,16
18,68
18,85
180,169
180,174
180,25
180,64
181,1
181,108
181,137
181,143
181,16
181,172
181,67
182,110
182,115
182,14
182,172
182,177
182,52
182,71
183,57
183,59
183,84
184,100
184,172
184,176
184,98
185,100
185,116
185,139
185,163
185,197
185,22
185,30
185,43
185,78
186,40
186,58
187,157
187,198
188,135
188,189
188,28
188,42
189,34
189,82
19,107
19,113
19,151
19,198
19,63
19,79
190,155
190,168
190,197
190,79
191,141
191,168
191,27
191,81
191,96
192,138
192,163
192,166
192,32
192,46
192,5
192,58
192,64
192,77
192,85
192,87
193,116
193,169
193,79
194,11
194,136
194,179
194,31
194,44
194,64
194,7
195,134
195,85
195,93
196,100
196,123
196,138
196,28
196,67
197,115
197,160
197,164
197,171
198,10
198,140
198,148
198,18
198,57
198,87
198,93
198,95
199,155
199,63
199,82
2,101
2,158
2,168
2,184
20,156
20,30
20,31
200,120
200,141
200,28
200,34
200,45
200,9
200,96
21,101
21,114
21,123
21,140
21,193
21,197
21,30
21,70
21,85
22,11
22,138
22,171
22,28
23,85
24,136
24,137
24,64
24,66
25,104
25,122
25,144
25,176
25,191
25,28
25,64
25,92
26,190
26,38
27,11
27,174
27,26
27,36
27,88
28,16
28,23
28,23
28,71
28,72
29,122
29,145
29,163
29,169
29,29
29,46
29,49
29,62
29,77
3,1
3,121
3,157
3,16
3,160
3,187
3,199
3,44
3,57
3,9
30,116
30,18
31,171
31,25
32,133
32,147
32,148
32,155
32,162
32,192
33,102
33,107
33,154
33,197
33,91
34,11
34,81
34,81
34,91
34,91
34,99
35,132
35,155
35,47
35,81
36,114
36,174
36,192
36,24
37,14
37,16
37,169
37,21
38,10
38,183
38,197
39,148
39,98
4,148
4,89
4,90
40,100
40,185
40,37
40,54
41,13
41,145
41,163
41,198
41,27
41,82
41,99
42,11
42,152
43,137
43,172
43,46
44,184
44,196
45,127
45,140
45,140
45,148
45,32
45,44
45,88
46,155
46,168
46,175
47,109
47,121
47,24
47,89
48,127
48,157
48,60
49,0
49,123
49,14
49,23
49,29
49,70
5,113
5,193
5,66
5,83
50,130
50,136
50,156
50,158
50,177
50,21
50,25
50,31
50,47
50,51
50,7
51,143
51,23
51,26
51,30
51,48
52,167
52,176
52,42
52,8
52,94
53,0
53,118
53,173
53,173
53,194
53,43
54,123
54,148
54,149
54,153
54,89
56,127
56,167
56,179
56,189
56,68
56,95
57,153
57,46
57,51
57,81
57,92
58,149
58,160
58,31
58,64
59,101
59,132
59,139
59,172
59,49
59,8
6,172
6,182
6,39
6,68
6,77
60,152
60,169
60,172
60,70
61,122
61,125
61,127
61,136
61,32
61,35
61,72
62,121
62,130
62,161
62,180
63,166
64,101
64,156
64,16
64,170
64,27
64,70
64,70
66,101
66,128
66,135
66,138
66,18
66,195
66,7
67,135
67,148
67,71
67,75
68,10
68,145
68,28
68,34
68,56
69,158
69,160
69,174
69,177
69,183
69,184
69,25
69,45
69,59
69,75
69,92
69,93
7,100
7,121
7,159
7,161
7,2
7,70
70,167
70,29
70,35
70,61
70,70
71,85
71,87
72,129
72,148
72,60
72,61
72,72
72,9
73,13
73,172
73,34
73,46
73,70
74,1
74,161
74,198
74,41
74,63
74,78
75,111
75,133
75,179
75,35
76,11
76,145
76,178
76,188
76,27
77,114
77,150
77,89
77,92
78,136
78,187
78,198
78,59
78,70
78,82
79,107
79,140
79,3
79,38
79,61
79,61
79,73
8,114
8,128
8,163
8,39
8,5
8,92
8,96
80,111
80,131
80,15
80,153
80,153
80,20
80,41
80,45
81,120
81,169
81,192
81,46
82,111
82,166
82,2
82,86
82,89
83,142
83,175
83,28
83,85
84,45
85,161
85,40
85,51
86,178
86,54
86,56
86,99
87,132
87,151
87,185
87,58
87,6
87,73
87,73
88,104
88,117
88,129
88,150
88,189
88,93
89,113
89,118
89,119
89,164
89,199
89,48
89,5
89,59
89,81
89,92
89,94
9,125
9,140
9,150
9,173
9,181
9,200
9,42
9,98
90,123
90,171
90,195
90,24
90,63
90,95
91,113
91,129
91,14
91,147
91,182
91,190
91,47
91,54
91,6
92,127
92,42
92,58
93,176
93,179
93,26
93,28
94,159
94,40
94,50
94,77
95,106
95,125
95,129
95,57
96,103
96,11
96,158
96,43
96,65
96,83
97,104
97,152
97,155
97,9
97,93
98,115
98,35
99,160
99,26
