0,135,109
0,160,108
1,168,28
1,172,29
1,200,156
1,68,31
10,187,170
101,124,102
103,139,4
103,143,131
103,164,156
104,166,84
105,159,36
105,170,166
105,180,3
105,195,159
106,142,77
107,161,24
107,168,113
107,171,147
107,39,39
107,47,16
108,117,5
108,125,95
108,129,102
108,148,137
108,188,43
108,82,19
109,187,48
11,111,103
11,146,94
11,76,48
110,47,13
111,140,85
111,42,1
112,108,46
113,148,55
113,149,52
113,178,109
113,185,142
114,26,11
115,116,4
115,153,64
115,182,14
116,120,39
116,147,8
116,167,143
116,170,149
116,190,94
117,180,71
117,188,55
118,72,25
119,162,100
119,163,26
119,188,71
119,198,140
12,160,156
12,27,7
120,141,65
120,152,114
120,174,67
121,168,65
121,169,109
121,89,42
122,107,12
123,116,1
123,146,107
123,75,16
124,198,65
125,108,74
125,142,130
125,82,57
126,128,74
127,96,69
128,140,13
128,199,85
129,147,107
129,147,52
129,185,13
129,62,44
13,156,144
130,191,59
130,42,33
130,96,62
131,149,42
131,179,162
131,189,102
132,159,61
132,184,119
132,59,26
132,79,34
133,189,187
133,197,18
133,197,86
133,39,10
134,163,2
134,170,143
134,177,82
135,121,50
135,132,78
137,172,169
137,184,96
137,99,22
138,128,68
139,102,54
139,77,58
14,138,44
14,180,55
140,169,157
140,187,76
141,148,29
141,61,1
142,199,174
143,198,44
143,199,166
144,132,10
145,170,1
146,151,55
147,147,111
147,176,41
149,29,26
15,142,65
15,155,145
15,185,85
150,105,28
150,141,20
150,178,176
150,198,112
151,116,111
151,163,18
153,125,36
153,197,167
154,136,119
154,157,33
154,196,7
154,22,12
155,106,47
155,15,12
155,178,30
156,126,52
156,139,129
156,188,119
156,198,52
156,50,31
157,102,85
157,142,126
157,148,100
157,198,108
158,59,28
158,86,57
159,125,120
159,133,115
159,173,81
16,115,98
16,189,125
16,75,70
160,145,135
160,182,44
161,147,14
162,101,40
162,146,23
163,133,113
163,187,187
163,82,38
163,98,98
165,191,44
166,192,128
167,103,70
167,138,117
167,151,69
167,152,22
167,163,127
167,191,56
168,142,46
168,143,117
168,161,147
168,161,32
168,195,187
17,198,71
170,173,159
170,176,98
170,79,19
171,134,28
172,100,35
172,100,92
172,132,74
172,169,36
172,194,141
172,80,5
173,134,111
173,190,151
173,194,157
174,135,46
174,135,83
174,180,33
174,36,23
174,45,7
175,123,74
175,192,172
175,63,59
176,100,58
176,164,133
176,75,18
177,77,63
178,100,22
179,102,25
179,168,64
179,192,110
179,73,19
18,116,47
18,160,65
18,180,145
18,191,170
180,125,112
180,165,141
180,172,166
180,175,13
181,170,162
181,43,34
182,160,36
182,170,27
182,96,35
183,169,161
185,132,43
185,180,86
185,87,54
185,88,3
186,115,75
186,129,12
186,157,65
186,75,6
187,113,92
187,148,67
187,82,24
188,41,40
189,107,36
189,156,65
189,162,79
189,174,125
189,178,101
189,186,62
189,49,12
19,102,41
19,124,39
19,177,22
19,179,50
19,86,32
190,162,153
190,181,112
190,62,41
191,64,19
192,166,137
192,54,45
193,19,12
194,184,74
195,146,52
195,149,127
195,168,43
195,170,32
196,122,1
196,172,103
197,128,26
197,139,121
197,183,141
197,89,5
198,200,129
198,65,62
199,120,90
199,123,91
199,162,135
199,190,133
2,145,116
2,159,9
2,17,5
2,84,21
20,128,42
20,135,28
200,109,43
200,119,86
200,96,35
21,119,38
21,160,80
21,97,9
22,147,75
22,148,27
23,178,67
23,183,60
24,178,40
24,187,131
24,70,33
25,134,70
25,172,11
25,195,86
25,196,158
26,117,107
26,182,121
27,181,100
27,195,61
27,53,16
28,112,67
28,121,25
28,139,71
28,155,33
28,191,12
29,195,112
29,26,18
3,9,9
30,110,98
30,146,37
31,129,119
31,139,69
32,117,47
32,148,20
32,191,125
33,121,54
33,77,61
35,110,90
35,146,103
35,191,65
37,101,56
37,142,71
37,144,93
38,110,50
38,136,5
4,100,20
4,119,40
4,159,107
4,77,1
40,121,93
40,140,100
40,193,100
42,158,111
42,184,182
43,104,20
43,182,93
43,194,22
43,94,92
44,141,17
44,88,59
47,175,20
48,102,4
48,111,54
48,55,29
49,148,34
49,183,98
49,70,31
5,119,15
5,188,188
5,73,24
50,156,19
50,161,56
50,174,88
50,69,65
51,177,60
51,179,129
51,200,124
52,149,85
53,147,86
53,165,73
53,172,32
53,198,52
53,60,46
54,104,72
54,179,112
54,182,75
54,71,51
54,98,65
55,124,50
55,131,84
56,129,102
56,196,152
57,101,28
57,179,24
58,128,80
58,146,121
58,163,160
58,194,19
58,35,18
58,66,22
58,80,32
59,125,72
59,157,16
6,145,63
6,194,152
6,30,25
6,59,33
60,197,31
60,56,9
61,128,13
61,159,137
61,165,21
61,183,115
61,96,9
62,105,98
62,197,67
62,82,20
63,116,10
63,178,107
63,187,98
63,69,45
63,98,97
64,57,41
65,197,30
66,127,12
66,144,127
67,128,43
67,138,75
67,147,80
67,172,72
67,91,10
68,195,142
68,94,56
7,154,116
7,172,76
70,174,57
71,105,58
71,133,44
71,170,90
72,158,39
72,169,54
72,27,4
73,132,60
73,151,133
73,155,97
73,165,91
73,68,26
73,96,23
74,132,66
75,126,7
75,45,13
75,84,32
77,87,58
78,78,50
78,93,37
79,160,133
79,161,155
79,39,28
8,174,15
80,131,9
80,193,75
80,44,14
81,176,17
82,71,52
83,122,108
84,101,57
84,139,95
84,151,45
84,43,41
85,163,113
85,192,167
85,77,62
87,116,61
87,144,74
87,58,22
88,124,104
88,183,169
89,115,29
89,182,179
89,199,148
89,92,87
9,130,21
90,114,10
90,197,96
91,133,44
92,189,109
92,24,12
92,46,12
93,154,3
93,196,63
93,23,16
93,55,7
93,98,76
94,121,99
94,149,65
94,194,164
94,31,27
95,127,76
95,156,127
96,197,174
97,191,157
99,117,47
