0
0
1
1
1
1
10
101
103
103
103
104
105
105
105
105
106
107
107
107
107
107
108
108
108
108
108
108
109
11
11
11
110
111
111
112
113
113
113
113
114
115
115
115
116
116
116
116
116
117
117
118
119
119
119
119
12
12
120
120
120
121
121
121
122
123
123
123
124
125
125
125
126
127
128
128
129
129
129
129
13
130
130
130
131
131
131
132
132
132
132
133
133
133
133
134
134
134
135
135
137
137
137
138
139
139
14
14
140
140
141
141
142
143
143
144
145
146
147
147
149
15
15
15
150
150
150
150
151
151
153
153
154
154
154
154
155
155
155
156
156
156
156
156
157
157
157
157
158
158
159
159
159
16
16
16
160
160
161
162
162
163
163
163
163
165
166
167
167
167
167
167
167
168
168
168
168
168
17
170
170
170
171
172
172
172
172
172
172
173
173
173
174
174
174
174
174
175
175
175
176
176
176
177
178
179
179
179
179
18
18
18
18
180
180
180
180
181
181
182
182
182
183
185
185
185
185
186
186
186
186
187
187
187
188
189
189
189
189
189
189
189
19
19
19
19
19
190
190
190
191
192
192
193
194
195
195
195
195
196
196
197
197
197
197
198
198
199
199
199
199
2
2
2
2
20
20
200
200
200
21
21
21
22
22
23
23
24
24
24
25
25
25
25
26
26
27
27
27
28
28
28
28
28
29
29
3
30
30
31
31
32
32
32
33
33
35
35
35
37
37
37
38
38
4
4
4
4
40
40
40
42
42
43
43
43
43
44
44
47
48
48
48
49
49
49
5
5
5
50
50
50
50
51
51
51
52
53
53
53
53
53
54
54
54
54
54
55
55
56
56
57
57
58
58
58
58
58
58
58
59
59
6
6
6
6
60
60
61
61
61
61
61
62
62
62
63
63
63
63
63
64
65
66
66
67
67
67
67
67
68
68
7
7
70
71
71
71
72
72
72
73
73
73
73
73
73
74
75
75
75
77
78
78
79
79
79
8
80
80
80
81
82
83
84
84
84
84
85
85
85
87
87
87
88
88
89
89
89
89
9
90
90
91
92
92
92
93
93
93
93
93
94
94
94
94
95
95
96
97
99
