0,131
0,54
0,87
1,102
1,112
1,126
1,185
1,191
1,54
1,66
1,96
10,161
10,165
10,173
10,182
100,150
100,151
100,39
100,58
100,99
101,122
101,149
101,162
101,187
101,30
101,86
102,167
102,170
102,48
102,63
103,185
103,66
103,78
103,92
104,117
104,120
104,6
105,175
105,180
105,188
105,199
105,39
105,44
106,118
106,127
106,63
107,129
107,93
108,11
108,170
108,177
108,190
108,200
108,24
108,63
109,163
109,192
109,27
109,49
109,82
109,9
11,151
11,151
11,167
11,196
11,34
11,42
11,50
11,54
11,78
110,101
110,11
110,171
110,190
110,4
110,48
110,58
110,86
111,116
111,128
111,164
111,173
111,43
111,44
111,96
112,143
112,178
112,19
112,4
112,94
113,153
113,167
113,34
113,41
113,45
113,50
113,67
114,137
114,154
114,159
114,171
114,20
115,132
115,136
115,67
115,89
116,162
116,181
116,186
116,45
116,57
116,9
117,114
117,14
117,186
117,198
117,200
117,36
117,57
118,112
118,130
118,14
118,197
118,55
118,61
118,90
119,196
119,196
119,68
119,86
119,92
12,0
12,146
12,156
120,130
120,15
120,163
120,177
120,188
120,50
120,8
121,106
121,156
121,157
121,2
121,80
122,1
122,114
122,165
122,179
122,200
122,24
122,32
122,46
123,181
124,113
124,198
125,104
125,111
125,139
125,49
125,56
126,3
126,66
126,8
127,108
127,164
127,19
127,199
127,42
127,48
128,128
128,161
128,195
128,59
129,148
129,190
129,32
129,91
13,14
13,200
13,200
13,24
13,50
130,120
130,141
130,155
130,193
130,41
130,57
130,62
130,84
130,96
131,33
131,40
131,49
131,54
132,198
132,81
133,123
133,16
133,197
133,72
134,153
134,161
134,40
134,47
134,47
135,13
135,136
135,173
135,181
136,128
136,169
136,2
136,25
136,25
136,39
136,44
136,47
137,132
137,163
137,193
137,21
137,35
137,39
137,60
137,77
138,32
139,177
139,181
139,197
139,38
139,50
14,163
14,181
14,190
14,45
14,57
140,126
140,170
140,23
140,44
141,109
141,127
141,146
141,180
141,44
141,68
142,90
143,148
143,177
144,123
144,52
144,52
145,104
145,117
145,154
145,187
145,194
145,50
145,57
145,8
146,5
147,106
147,116
147,132
147,162
147,30
147,35
147,36
147,57
147,70
147,84
147,96
148,129
148,48
148,69
149,134
149,175
149,193
149,22
149,5
149,96
15,126
15,135
15,179
15,27
15,3
15,58
15,7
150,100
150,131
150,133
150,153
150,196
150,30
150,59
150,66
151,115
151,129
151,137
151,139
151,182
151,186
151,187
151,63
151,68
151,8
151,88
152,119
152,163
152,166
152,195
152,34
152,89
152,96
153,107
153,140
153,22
153,42
154,116
154,58
155,104
155,122
155,136
155,158
155,168
155,72
156,140
156,183
156,30
156,4
156,62
157,108
157,38
157,39
157,40
157,74
157,76
158,130
158,145
158,166
158,167
158,175
158,47
158,90
158,95
159,105
159,164
159,68
159,78
16,103
16,38
160,138
160,171
160,178
160,61
160,63
160,73
160,96
161,13
161,155
161,32
161,52
161,84
162,126
162,199
162,37
162,39
162,64
162,85
163,176
163,20
163,23
163,51
163,68
163,98
164,109
164,149
164,173
164,194
164,35
164,43
164,56
164,68
164,73
164,78
165,16
165,163
165,52
166,155
166,194
166,21
166,54
167,100
167,120
167,57
168,10
168,172
168,188
168,49
168,75
168,77
169,157
169,162
169,189
169,37
169,54
169,7
17,128
17,138
17,167
17,96
170,10
170,148
170,16
170,41
170,41
171,109
171,167
171,40
171,44
171,97
172,150
172,165
172,188
172,55
172,68
172,83
172,89
173,1
173,126
173,163
173,177
173,184
173,61
173,91
174,113
174,118
174,187
174,195
175,171
175,24
175,55
175,92
176,131
176,157
176,179
176,25
176,37
177,176
177,31
177,35
177,58
177,68
177,84
178,164
178,172
178,32
178,84
179,105
179,6
18,136
18,68
18,92
180,151
180,164
180,21
181,102
182,108
182,164
182,175
183,117
183,128
183,159
183,171
183,40
183,70
183,83
184,159
184,169
184,174
184,183
184,40
184,87
184,93
185,0
185,154
186,128
186,178
186,181
186,182
186,66
186,96
187,123
187,126
187,134
187,166
187,170
187,178
187,193
188,118
188,51
188,70
189,119
189,146
189,187
189,35
19,144
19,179
19,184
190,110
190,110
190,128
190,148
190,22
190,63
190,73
190,73
191,1
191,160
191,163
191,172
191,183
191,2
191,32
191,45
191,60
191,75
191,78
192,1
192,149
192,168
192,97
193,160
193,51
193,53
193,94
194,107
194,29
194,60
194,87
195,0
195,126
195,138
195,154
195,19
195,195
195,5
195,56
195,63
195,80
196,12
196,121
196,125
196,136
196,55
196,70
196,73
196,89
197,139
197,180
197,58
198,140
198,162
198,4
198,52
198,57
198,92
199,122
199,134
199,59
199,98
2,130
2,152
2,184
2,58
20,16
20,188
20,37
20,37
200,190
200,197
21,126
21,127
21,26
21,34
21,36
21,53
21,73
22,1
22,125
22,146
22,152
22,70
22,76
22,93
23,114
23,192
23,75
23,93
24,104
24,129
24,140
24,143
24,182
24,191
24,194
24,64
25,115
25,129
25,189
25,191
25,195
25,42
25,88
25,94
26,11
26,114
26,57
27,150
27,26
27,41
28,101
28,11
28,124
28,36
28,58
29,117
29,145
29,175
29,181
29,31
29,96
3,137
3,140
3,169
3,33
3,50
30,157
30,188
30,35
30,78
30,85
31,112
31,114
31,122
32,127
32,156
32,192
32,6
32,85
33,113
33,124
33,150
34,102
34,165
34,174
34,200
34,21
34,3
34,52
34,6
34,82
35,124
35,195
35,56
36,105
36,191
36,34
36,46
36,49
36,61
37,10
37,179
37,44
37,61
38,124
38,142
38,164
38,3
38,50
38,59
39,118
39,60
39,74
4,139
4,199
4,73
40,134
40,134
40,160
40,37
40,44
40,5
40,78
40,87
41,107
41,167
41,95
42,174
42,60
42,66
43,1
43,108
43,164
43,172
43,3
43,59
43,98
44,109
44,11
44,115
44,124
44,131
44,139
44,2
44,5
45,129
45,160
45,186
45,190
45,61
45,90
46,0
46,125
46,173
46,62
47,119
47,187
47,53
47,6
48,76
49,159
49,179
49,34
49,61
5,115
5,118
5,119
5,14
5,140
5,174
5,25
5,8
50,107
50,134
50,184
50,27
50,30
50,34
50,49
51,106
51,116
51,144
51,180
51,29
51,70
51,80
51,93
52,105
52,135
52,21
52,39
52,78
53,139
53,16
53,181
53,57
53,62
54,134
54,148
54,166
54,21
54,75
54,83
55,128
55,134
55,155
55,158
55,17
55,180
55,30
55,33
56,115
56,12
56,135
56,164
56,186
56,33
56,43
56,47
56,56
57,68
58,121
58,142
58,190
58,27
59,103
59,135
59,166
59,184
59,36
59,72
59,92
6,145
6,4
6,55
60,11
60,110
60,141
60,173
60,42
61,114
61,177
61,35
61,91
62,152
62,197
62,37
62,68
63,26
63,41
63,54
63,65
63,99
64,35
64,46
64,76
65,93
66,200
66,32
66,67
67,158
67,200
67,75
68,137
68,43
69,184
69,37
69,87
69,94
7,105
70,11
70,117
70,126
70,199
70,90
71,155
71,62
72,175
72,69
72,76
72,87
73,138
73,16
73,168
73,178
73,48
73,94
74,165
74,199
74,99
75,148
75,169
75,62
76,15
76,92
77,14
77,154
77,176
77,21
77,4
78,109
78,143
78,173
78,21
78,81
79,107
79,120
79,165
79,186
79,23
79,50
79,98
79,98
8,118
8,172
8,9
80,12
80,122
80,186
80,48
81,12
81,139
81,158
81,47
81,54
81,55
81,71
81,8
82,108
82,178
82,96
82,99
83,141
83,176
83,51
83,57
83,6
83,79
83,80
84,114
84,130
84,32
85,101
85,187
85,194
85,27
85,31
85,50
85,88
86,129
86,151
86,64
86,94
87,186
87,34
88,162
88,163
88,173
88,79
88,91
89,128
89,194
9,13
9,149
9,15
9,156
9,170
9,172
9,24
9,37
9,5
9,71
90,165
90,178
90,48
90,49
90,77
91,133
91,177
91,38
91,47
91,77
92,177
92,59
93,131
93,163
94,117
94,143
94,28
94,30
94,45
94,60
95,127
95,154
95,159
95,188
95,19
95,52
95,74
95,8
95,86
96,121
96,142
96,167
96,25
96,26
96,84
97,111
97,157
97,20
97,21
97,22
97,32
97,37
97,57
98,111
98,124
98,125
98,149
98,160
98,21
99,1
99,108
99,137
99,140
99,163
